matrix_nms_bitsets fixture
reference: serial matrix_nms_parallel_match_serial_bit_exact
shape: scores [128], masks [128, 10, 10]
sigma: 2
pre_nms_top_k: 128
post_nms_top_k: 50

indices:
[127, 126, 125, 124, 123, 122, 121, 120, 119, 118, 117, 116, 115, 113, 114, 112, 111, 110, 109, 108, 104, 107, 105, 106, 103, 102, 101, 100, 96, 99, 95, 98, 97, 94, 93, 92, 87, 91, 90, 88, 86, 89, 85, 84, 79, 78, 83, 82, 81, 80]

score_bits:
[4607083339608215257, 4605517920848943192, 4605103244998784678, 4604992727367926862, 4604945101617251088, 4604776127233927762, 4604695540564749617, 4604053129429287999, 4602188990343350384, 4599742866542363000, 4599220045701729695, 4599056246474869333, 4598974302892091653, 4598947078714431860, 4598824861710378920, 4598738948131453988, 4597492232307764495, 4593908053736020498, 4592551270476819721, 4592196546905613624, 4592046594846620667, 4592040160386706838, 4591880097277607370, 4591785149409510662, 4591312147711457721, 4589304801257008539, 4586512595338832783, 4586118702547103269, 4586003827354484766, 4585958750193810522, 4585862697411288287, 4585789649722932599, 4585568912402308556, 4584759353682300060, 4580607213092654389, 4579463872216213554, 4579338931911184620, 4579184264051137765, 4578976532210610712, 4578881119917892406, 4578514033134213241, 4578493777661216009, 4576101845225723614, 4573150789093628955, 4572967864161814860, 4572910658410077107, 4572906020017197598, 4572752392776772920, 4572488097828613295, 4572193124239080086]
